0.032504 124
9.729467 1
1.776747 1
0.355081 1
0.290809 1
0.201716 1
0.096699 1
0.205245 1
0.145694 1
0.117011 1
0.191570 1
1.202021 1
1.045571 1
0.901431 1
0.114142 1
1.001666 2
0.002094 37
2.602478 1
0.169557 1
0.058906 1
0.007394 1
0.007958 1
0.478628 2
0.217476 1
0.093871 1
0.007307 1
0.035674 1
0.141211 1
0.092051 1
0.004266 1
0.427773 1
0.529859 3
0.186698 3
0.217686 3
0.712839 2
0.243165 1
0.014364 1
0.162350 1
0.115943 1
0.111695 2
0.323595 1
0.048098 1
0.039529 1
0.070565 2
0.398283 1
0.105338 1
0.244570 1
0.003482 1
0.144520 1
0.291134 2
0.239104 1
0.220434 1
0.142841 1
0.148994 1
0.004423 1
0.266166 2
0.171128 1
0.141703 1
0.074159 1
0.113232 1
0.135740 1
0.102097 1
0.110800 1
0.120336 1
0.066067 1
0.318487 2
0.203677 1
0.140050 1
0.094999 1
0.092380 1
0.105972 1
0.114050 1
0.170520 2
0.214050 1
0.015704 1
0.119319 1
0.134325 1
0.115957 2
0.184095 1
0.112934 1
0.152937 1
0.139415 1
0.060298 1
0.068113 1
0.150870 2
0.179981 1
0.168221 1
0.051329 1
0.219117 1
0.035802 1
0.164249 1
0.063060 1
0.141597 2
0.157931 1
0.131847 1
0.058695 1
0.080240 1
0.009601 2
0.129410 1
0.096020 1
0.159903 1
0.011214 2
0.091397 1
0.131377 1
0.119072 1
0.125832 2
0.130854 1
0.078791 1
0.123419 1
0.063382 2
0.069448 1
0.094791 1
0.139975 1
0.047463 2
0.047121 1
0.131719 1
0.088297 1
0.130303 1
0.068774 1
0.132948 1
0.098662 1
0.083158 2
0.200608 1
0.138248 1
0.133812 1
0.102951 1
0.183187 1
0.077896 1
0.197376 1
0.132164 1
0.004974 1
0.333126 2
0.341556 1
0.347150 1
0.165310 1
0.100507 1
0.050635 1
0.329956 2
0.275359 1
0.153614 1
0.075741 1
0.113869 1
0.126559 1
0.065501 1
0.238581 2
0.941042 1
0.174998 1
0.222640 1
0.293085 1
0.188277 130
0.000549 124
3.994314 1
0.441691 1
0.464608 1
0.453483 1
0.192816 1
0.113122 1
0.201426 1
0.164791 1
0.131787 1
0.215460 1
0.828945 1
0.566327 1
0.500055 1
0.105451 1
0.639364 2
0.001591 27
0.000278 124
2.126504 1
0.534204 4
0.262882 1
0.385339 1
0.649116 1
0.367057 1
0.273326 1
0.130555 1
0.203239 1
0.134665 1
0.139624 1
0.170188 1
0.577547 1
1.612126 4
0.858383 1
8.236014 1
0.719775 1
0.413097 1
0.373156 2
0.001868 273
0.000408 124
1.728082 1
0.433977 1
0.364825 1
0.208097 1
0.227667 1
0.080576 1
0.429963 4
0.172534 4
0.180942 4
0.144157 4
0.244293 1
0.091144 1
0.192644 1
0.173764 1
0.686304 4
1.764015 1
0.244731 1
0.135358 1
0.106795 1
0.115338 1
0.109839 1
0.119957 1
0.101219 1
0.210790 1
0.191155 1
0.074939 1
0.150302 1
0.232147 1
0.592398 2
0.001868 29
5.170018 1
0.424890 2
0.000135 64
1.360406 1
0.857674 2
0.000045 34
4.481076 1
0.213052 1
0.380458 1
0.824949 2
0.000231 57
0.000386 124
3.653077 1
0.431645 1
0.377064 1
0.575301 1
0.493525 1
0.249256 1
0.238312 1
0.160074 1
0.134416 1
0.087126 1
0.272371 1
0.074478 1
0.145196 1
0.203460 1
0.182372 1
0.079410 1
0.122188 1
0.431591 1
0.674967 2
0.002161 76
2.333210 1
0.423076 2
0.000092 41
0.554524 1
0.159430 1
0.301831 50
1.103655 1
0.190204 1
0.239158 1
0.122035 1
0.189713 1
0.477314 2
0.000049 79
0.000474 124
8.659805 1
0.198233 1
0.221670 1
0.098272 1
0.362796 2
0.000213 6
