0.040697 114
1.658554 1
0.169189 1
0.265994 2
0.003963 42
0.000991 2
0.001969 114
20.312948 1
0.063279 1
0.102278 1
0.936432 1
4.256265 1
0.341878 1
0.430107 1
0.166494 1
0.261796 1
0.210340 1
0.123971 1
0.196048 1
2.809596 1
0.745637 1
1.008583 1
0.461218 1
0.801446 1
0.630652 1
0.127811 1
0.144321 1
0.684257 2
0.045978 81
0.003183 67
0.036955 27
0.000812 18
0.000271 2047
0.000251 1552
0.008682 123
1.524064 21
0.000446 83
1.129293 30
0.700603 39
0.496864 51
0.455965 62
0.266977 62
0.237455 62
0.155721 62
1.172095 37
1.464779 37
0.636081 37
0.195193 37
0.584288 37
0.968624 37
2.587481 29
364.540965 37
0.370732 37
0.145111 37
0.306960 37
0.125186 37
0.244805 37
0.124246 39
0.092624 38
0.495104 38
0.755738 38
0.311548 38
0.216644 38
0.280801 38
0.185405 38
0.201652 38
0.088957 38
0.182510 39
0.073742 38
0.841454 38
0.780014 39
0.416996 38
0.258028 88
1.574354 37
0.258083 37
0.077075 37
0.135145 37
0.116646 37
0.213984 39
0.093226 38
0.105758 38
0.331947 39
0.197340 39
0.839259 38
0.120393 38
0.498222 38
0.233849 38
3.521680 30
0.650586 56
1.972419 31
0.886545 38
0.093466 38
0.158320 38
0.258673 38
0.128090 38
0.124454 39
0.537799 38
0.847959 88
1.460916 37
0.515197 37
0.115003 37
0.481348 37
0.160539 37
1.978906 37
0.237024 37
0.193910 37
0.206759 37
0.235770 37
310.488909 88
8.164236 37
0.232513 37
0.159637 37
1.365379 37
0.203143 37
0.385614 37
9.479731 37
0.181646 37
0.273723 37
1.709103 37
0.208744 37
0.898588 39
0.108702 38
0.124749 38
1.924398 38
1.976107 38
0.210775 38
43.747355 38
0.735687 38
0.794592 38
0.165490 38
0.056277 39
0.088057 38
0.201271 38
0.308818 38
0.086237 38
0.145198 38
0.173998 38
0.108757 38
0.237444 38
0.095517 38
0.210961 39
0.459015 38
0.108793 38
0.174836 38
0.095715 38
0.154497 38
0.149766 38
0.092136 38
0.128770 38
0.290778 38
0.332680 39
0.080290 38
0.087757 39
0.162251 38
0.094997 38
0.135432 38
0.083216 38
0.130118 38
0.153736 38
0.086625 38
0.153150 38
0.204021 38
0.098675 39
0.112324 38
0.085935 38
0.186500 38
0.191779 38
0.127777 38
0.979459 38
0.255704 38
0.222532 38
0.222516 38
0.124418 39
2.470782 66
1.057566 106
10.180125 40
1.432345 37
0.425942 37
0.432755 296
0.891224 58
0.499088 40
0.051194 39
0.050835 39
0.052294 39
0.051387 39
0.051676 39
0.051336 39
0.053533 39
0.049494 39
0.051677 39
0.052711 40
0.050010 39
0.054217 39
0.047334 39
0.051837 39
0.051763 39
0.052153 39
0.052639 39
0.053207 39
0.051362 39
0.051657 40
0.050993 39
0.050835 39
0.051452 39
0.050721 39
0.051412 39
0.052282 39
0.051695 39
0.050821 39
0.053774 39
0.050987 40
0.050246 39
0.053530 39
0.050397 39
0.051178 39
0.051187 39
0.051911 39
0.051597 39
0.051585 39
0.051524 39
0.051633 40
0.052506 39
0.052373 39
0.223348 39
0.393792 39
3.625084 31
0.511129 88
0.745911 97
3.307010 37
0.099477 37
0.162175 37
0.162402 37
0.118177 37
0.260848 39
0.093691 38
0.205137 38
0.088999 38
0.274027 38
116.804222 39
0.204574 39
0.153295 39
0.163792 39
0.160129 38
0.170636 37
0.141636 37
0.171499 37
0.150307 37
0.163652 37
11.274361 37
0.591182 37
0.704099 37
0.119829 37
0.152153 37
0.224387 37
0.105278 37
0.156953 39
1.026609 38
0.378201 38
0.210972 38
0.091315 38
0.046205 38
0.108957 38
0.088416 38
3.499057 38
0.837140 38
0.974306 39
0.126868 38
0.109079 38
0.171774 38
0.101485 38
2.687252 31
0.599351 38
0.275648 38
0.128875 38
0.136654 38
0.169333 39
0.092845 38
3.301346 38
0.201542 88
89.551620 37
1.110304 37
0.378298 37
0.234972 239
0.224734 39
0.278852 39
0.502119 40
0.050627 39
0.051591 39
0.052506 39
0.050438 39
0.407582 39
0.495703 39
0.225760 39
0.240057 39
0.235699 39
0.251043 38
0.275822 37
0.327615 37
6.911095 37
0.195071 37
0.173323 37
0.942472 37
0.091406 37
0.069394 37
0.218348 37
0.140967 37
0.576184 39
1.548916 38
0.807347 38
0.153804 38
0.053855 38
0.083133 38
0.444506 39
0.180751 39
0.164369 39
0.147715 39
0.248002 39
0.903299 38
0.230323 38
0.072115 38
0.092780 38
0.707165 38
0.749930 38
0.172346 38
1.275880 38
0.215935 38
0.047597 39
0.454537 38
0.196051 38
189.404334 39
1.257508 39
0.340319 40
0.357550 39
18.622003 31
0.553822 88
1.458838 37
0.291507 37
0.099540 37
0.123770 37
0.090574 37
0.228008 39
0.096005 38
0.129652 38
0.681628 38
0.242514 38
0.754538 38
0.292721 38
0.121251 38
0.099751 38
0.081043 38
0.107212 39
0.612232 38
2.125032 88
0.754330 97
0.343723 37
0.355465 37
0.526025 37
0.280211 37
0.197807 37
0.202958 37
0.127117 37
0.044756 39
0.562992 38
1.399810 38
0.092369 38
0.431663 38
0.187741 38
0.858507 39
0.165136 39
0.093520 38
0.259698 38
6.572490 31
2.543639 39
0.612623 38
4.315988 38
0.118078 39
0.365724 38
0.468643 38
1.176104 66
0.818492 110
9.276733 42
0.614468 39
0.371150 39
0.351275 258
1.039837 55
0.471612 93
0.846398 68
2.001683 52
0.466777 121
1.344168 68
0.417908 68
0.241745 68
0.340286 239
1.737388 28
0.254778 28
0.501678 28
0.889534 28
0.250725 55
0.500925 29
0.052614 45
0.048392 29
0.051714 29
0.049966 29
0.051653 29
0.051480 29
0.050962 29
0.050309 29
0.051578 30
0.051919 29
0.225497 57
0.221052 74
0.802029 29
0.369525 110
4.161371 33
0.184867 38
0.089918 38
0.615821 39
0.254708 39
0.239694 39
2.162057 44
3.750998 42
0.142974 42
0.966181 42
0.177356 42
1.691989 44
0.219427 44
0.220410 44
0.494017 42
0.364091 42
0.159555 42
0.137602 42
0.211344 42
0.134587 43
0.083253 42
0.719065 42
0.308796 42
0.122885 42
0.100516 42
0.624602 42
0.414249 42
0.153120 42
0.225149 42
0.128026 43
2.525258 42
47.713964 42
0.152050 42
1.119273 42
0.266850 42
1.212501 68
3.482559 56
0.576226 99
45.284662 41
0.431122 39
0.367565 39
0.426567 39
0.478260 256
3.253194 65
0.760153 112
1.976253 33
0.185782 38
0.133394 38
0.672867 38
0.402373 38
114.546754 39
0.221462 39
0.180563 39
3.696085 38
0.310874 38
0.307936 38
0.236297 40
0.454751 39
0.143266 39
0.134791 39
0.539685 39
3.012929 39
5.062705 39
0.806838 39
0.559741 39
3.955281 39
0.101837 40
0.125411 39
0.179151 39
0.102143 39
1.048204 67
3.616063 53
0.370884 93
0.493047 69
1.071513 52
0.922321 29
0.500550 29
0.053311 54
0.052580 29
0.050780 47
0.048801 30
0.052063 30
0.051574 30
0.052295 30
0.049983 30
0.051414 30
0.051387 30
0.050999 30
0.050637 30
0.051702 31
0.052882 30
0.050142 30
0.052335 58
0.051395 75
0.249608 30
0.478051 1
0.694133 111
1.565618 39
12.790782 42
0.878985 42
0.198248 42
1.274234 42
0.383871 43
0.321087 42
1.193787 42
0.096182 42
0.911810 44
0.194934 44
0.169551 44
0.184389 45
0.162208 44
0.541886 42
0.163472 43
0.060906 42
15.561397 42
3.404080 42
0.175837 42
0.129297 42
0.121319 42
1.112753 42
0.524150 42
1.074215 65
5.822363 50
0.430015 99
4.495074 42
0.185054 42
0.646007 42
0.553236 42
0.848782 43
0.700553 42
0.088740 42
0.111430 42
0.087310 42
0.733635 42
0.245127 42
0.198014 42
2.183204 44
0.176115 44
0.491163 42
0.207671 42
0.243757 42
0.155153 42
0.414559 43
421.919004 65
93.454544 84
0.909005 113
11.042666 33
0.136466 38
0.142306 38
0.730703 39
0.240328 39
0.170647 39
3.791496 30
0.464251 88
0.370371 37
0.133637 37
0.272503 37
0.141781 37
0.555993 37
0.134744 39
0.130719 38
0.095912 38
0.175834 38
0.123700 38
0.145237 38
0.222902 38
0.098012 38
0.152283 38
0.082534 38
0.304963 39
0.611627 38
0.156448 38
0.149812 38
0.335253 38
0.127301 38
0.102646 38
2.337609 38
0.195045 38
0.127944 38
0.102752 39
0.152916 38
0.128661 38
0.191557 38
0.170652 38
0.105816 38
0.114517 38
0.085165 38
0.137089 38
0.124736 38
0.173392 39
0.366109 38
0.102976 38
0.240259 38
0.128996 38
0.079545 38
2.114539 61
0.437782 113
0.195521 106
0.241073 38
0.124469 38
0.131001 38
0.131445 38
0.315497 38
0.159740 40
0.141934 39
0.091193 39
0.125114 39
0.223406 39
0.091038 39
0.136966 39
0.041669 39
0.205521 39
0.091983 39
0.238214 40
0.278453 42
0.233901 40
0.071637 39
0.190272 39
0.104653 39
0.087657 39
0.094440 39
0.128871 39
0.183043 39
0.131445 39
0.114482 39
0.243115 40
0.094678 39
0.107612 39
0.136443 39
0.296391 39
0.108882 39
0.225149 39
0.189751 39
0.610365 41
0.187623 41
0.176294 41
0.220425 39
0.064525 39
0.201047 39
0.286260 39
0.252137 39
0.158934 40
0.086740 39
0.144082 39
0.115758 39
0.131161 39
0.217372 39
0.500640 39
0.206467 39
0.164006 39
0.156031 39
0.074299 40
0.532243 39
0.358752 41
0.093080 39
0.179579 39
0.195444 39
0.169185 39
1.882213 63
0.515818 113
0.357469 33
0.181042 38
0.178298 38
0.095855 38
0.128132 38
0.101775 40
0.237941 39
0.137438 39
0.142732 39
0.252803 39
0.388439 39
0.151143 39
0.335644 39
0.459787 39
0.533990 39
0.694387 40
0.300876 39
0.105268 39
0.187854 39
0.126879 39
0.164935 39
0.078748 39
0.236931 39
0.240548 39
0.339267 41
0.095820 39
0.129764 39
0.081811 40
0.513972 39
0.193216 39
0.105191 39
0.206077 39
0.279441 39
0.057347 39
0.137622 39
0.110362 39
0.202701 39
0.060069 40
0.208155 39
0.093374 39
0.204916 39
0.202148 39
0.080158 39
0.073545 39
0.092692 39
0.150771 39
0.095183 39
0.089644 40
0.180156 39
0.076242 39
0.076690 39
0.172589 39
0.235218 39
0.029671 39
0.124294 39
0.155670 39
0.206678 39
0.177713 40
0.250976 39
0.230447 39
0.108800 39
0.162576 39
0.202623 39
0.149175 39
0.182393 39
0.070706 39
0.166459 39
0.272673 40
1.099121 39
0.233924 39
0.856198 39
0.223143 39
0.350462 41
0.266547 39
0.120885 39
0.138509 39
0.105757 39
0.142632 39
0.134443 39
0.137280 40
0.382995 42
0.180642 41
0.166901 41
0.173958 41
0.137647 41
0.258756 39
0.136927 39
0.121201 39
0.075919 39
0.139849 40
0.319191 39
0.083236 39
0.172733 39
0.074731 39
0.063197 39
11.403926 31
0.852744 518
0.187489 29
0.367890 37
0.186537 466
0.521142 37
0.201877 37
0.137084 37
0.118385 37
0.474990 37
0.186170 37
0.165897 37
0.409775 88
0.397057 37
0.106342 37
0.120030 37
0.228641 37
0.086417 37
0.219713 39
0.081566 38
0.202260 38
0.548559 38
0.247462 38
0.127266 38
0.224914 38
0.207692 38
0.122927 38
0.078524 38
0.109351 39
0.129957 38
0.172291 38
0.079824 38
0.202215 38
4.866234 30
1.229431 33
1.023267 43
0.184477 40
0.190463 40
0.095639 40
0.334531 51
0.176336 51
0.175703 51
0.572331 30
0.445929 41
0.722793 39
0.188962 39
0.094298 39
0.148907 39
0.171904 40
0.310253 39
0.134355 39
0.109345 39
0.234377 39
0.076930 39
0.131422 39
2.005412 32
0.267633 31
0.185325 29
0.501382 29
0.050842 29
0.050935 31
0.051059 1
1.641689 40
0.100735 17
0.001233 33
1.319942 55
0.331720 13
0.134551 13
0.168923 1
0.000075 22
0.000278 18
0.013158 24
0.001201 43
0.102138 155
7.824071 1
0.165788 1
0.063679 1
10.483470 1
0.133929 1
0.220406 1
0.584425 4
0.063449 1
0.150502 1
0.153586 1
0.191191 1
0.116470 1
0.169095 1
0.201597 1
0.662854 1
0.482587 1
0.687341 4
0.176716 4
0.196355 1
0.682293 1
0.604950 1
0.080139 1
0.502849 1
0.210395 1
0.124578 1
0.167173 1
0.309591 2
0.048370 81
0.007638 67
0.019166 3644
0.010378 123
2.314042 104
1.274051 30
0.636821 39
0.508741 51
0.644755 62
1.793983 37
0.900389 37
0.478460 51
0.899253 37
0.426884 37
0.210428 37
0.247522 153
0.346273 37
0.393521 37
0.448053 49
2.871477 37
0.740171 37
2.978799 51
0.940777 62
0.500839 62
0.050804 62
0.050665 62
0.051943 68
0.051599 67
0.220245 39
0.501399 39
0.052334 39
0.051234 155
0.050557 39
0.051271 39
0.051547 154
0.051195 37
0.052516 37
0.050511 153
0.051406 37
0.050647 37
0.051763 153
0.051597 37
0.051475 37
0.194047 153
0.211098 37
0.186901 37
0.198195 153
0.211251 37
0.283476 37
0.278928 153
0.312128 37
0.278734 37
0.623202 49
0.655629 37
0.319121 37
1.204114 37
0.854872 37
0.356230 49
0.436190 60
0.577418 37
0.284300 151
0.403068 153
1.151328 27
0.321104 27
0.304813 29
0.587498 27
1.090148 27
0.831448 27
0.593755 27
12.324234 37
0.118826 37
0.360681 37
0.368893 37
0.183285 37
0.163129 37
0.251410 44
0.652869 39
0.524720 37
0.281144 37
0.405922 37
0.177092 37
0.064833 37
0.211696 37
0.310818 37
0.213574 37
0.175870 37
0.173360 37
0.185469 37
0.158278 37
0.372165 37
0.099018 37
0.191539 37
0.139874 37
0.234977 37
0.111559 37
0.118730 39
0.432122 38
0.092995 38
0.083495 38
0.159304 38
0.288991 38
0.095992 38
0.199564 38
1.064480 86
2.695913 37
0.266423 37
0.525642 37
0.200146 37
0.186649 37
0.680251 234
0.535501 39
0.500866 39
0.051476 39
0.051352 39
0.051827 39
0.051192 39
0.053544 39
0.049824 38
0.051066 37
0.051604 37
0.166520 37
0.190817 37
0.342432 37
0.172780 37
0.352904 37
0.137587 37
0.095832 37
0.181444 37
0.089572 37
0.190663 37
0.093006 39
0.111435 38
0.108517 38
0.134755 38
0.115887 38
0.133906 38
0.249688 38
0.076774 38
0.127881 38
0.120646 88
0.756014 37
0.131231 37
0.251504 37
0.309260 37
0.286958 37
0.054614 39
0.096184 38
4.777220 38
0.220986 38
0.183035 38
0.290792 38
0.244025 38
0.201634 38
0.073403 38
0.226685 38
0.064591 39
0.198013 88
1.244753 97
1.949936 37
0.357997 37
0.105266 37
0.258166 37
0.234836 37
0.115974 39
0.244989 38
0.115105 38
0.103019 38
0.938513 38
0.130161 38
0.169788 38
0.287015 38
0.121726 38
0.111493 38
2.974343 39
0.297333 38
0.089188 38
0.099097 38
0.855258 38
2.634466 38
9.647503 38
0.325122 38
0.182966 38
0.224187 38
0.124548 39
1.189137 38
0.935725 39
0.186665 40
0.163252 39
0.189399 39
0.162927 39
0.190775 39
5.034029 38
0.318591 38
0.159642 38
0.589074 39
0.190889 39
1.598941 39
0.835737 38
0.201960 38
0.745488 39
1.349729 39
0.989041 38
0.163011 38
0.223909 38
0.148686 38
5.220854 39
4.276808 38
0.121162 38
0.656107 62
2.443582 105
1.397744 100
2.896766 37
0.220995 37
0.098924 37
0.237523 37
0.193614 37
0.075961 39
0.156172 38
0.076496 38
0.491624 39
0.084892 38
0.150110 38
0.156808 38
0.121872 38
0.092470 38
0.196306 38
0.444466 38
0.226009 38
0.166049 39
0.184325 38
0.233969 38
0.158684 38
0.181311 38
0.076397 38
0.066888 38
0.280510 38
0.553383 38
23.385045 39
0.453508 38
0.691559 38
0.349281 39
0.150043 38
0.916255 38
1.248901 38
7.654619 38
0.236507 38
0.155065 38
0.145059 38
0.326234 38
1.103956 38
0.248756 39
0.200227 38
0.785242 39
0.202657 40
0.183571 39
6.236962 38
0.124549 39
0.209160 38
0.103314 38
0.167592 38
0.097721 38
0.123914 38
0.130914 38
0.124339 38
0.074038 38
0.172753 38
0.258135 39
0.303969 38
0.096974 38
0.271177 38
0.076109 38
0.140621 38
0.099469 38
0.198559 38
0.073528 38
0.088715 38
0.248840 39
0.164714 38
0.091844 38
0.114512 38
0.313916 38
0.701823 38
0.168930 38
0.145660 38
0.267065 38
0.098746 38
0.118528 39
0.232437 38
0.256444 38
0.103346 38
0.161734 38
0.131172 38
0.200901 38
0.169193 38
0.189686 38
0.068992 38
0.205141 39
0.054415 38
0.139662 38
0.141536 38
0.173500 38
0.027585 38
0.205988 38
0.109266 38
0.212565 38
0.229927 38
0.127423 39
0.069062 38
0.075311 38
0.128066 38
0.121505 38
0.288642 38
0.395574 38
0.182433 38
0.054270 38
0.305907 38
0.442210 41
0.107134 39
0.086995 39
0.061002 39
0.212535 39
0.092963 39
0.127861 39
0.083395 39
0.105169 39
0.147887 39
0.113900 40
0.210787 39
0.089272 39
0.244938 39
0.076985 39
0.172018 39
0.228083 39
0.057029 37
0.160128 87
0.045583 37
0.159118 38
0.063431 37
0.175451 37
0.147745 37
0.073166 37
0.105316 37
0.134694 38
0.188131 38
0.701217 88
0.565380 101
3.381974 38
0.183079 38
0.127343 38
0.085471 38
0.054413 38
0.189506 40
0.235457 39
0.179516 39
0.623911 41
0.219148 41
0.206876 40
0.199307 39
0.280065 39
0.234110 39
0.181877 39
0.168294 39
0.160473 38
0.224721 38
0.104096 38
0.279759 38
0.213145 38
0.060917 40
0.146362 39
0.180008 39
0.010908 39
1.003767 41
0.834995 39
0.201992 39
0.207832 39
0.118516 39
0.639521 41
0.212551 41
0.206992 41
0.190539 41
0.213206 41
19.280174 41
0.204352 40
0.161517 39
0.169844 39
0.172268 39
0.161611 39
0.156367 39
0.634788 38
0.134243 38
0.113346 38
0.092008 38
0.088643 38
0.153961 40
0.152635 39
0.210265 39
0.292714 41
0.210578 39
0.098732 39
0.181308 39
0.363133 39
0.146866 39
0.115735 39
0.257216 39
0.060871 39
0.167918 40
0.093218 39
4.093452 42
0.101190 52
1.133196 56
4.002815 13
0.114795 13
0.193845 1
0.000305 22
0.000249 18
0.014513 67
0.107778 41
0.001174 114
9.159900 118
0.013446 1
0.112351 1
0.054038 1
2.420618 121
4.379394 1
0.175081 1
0.238823 1
0.245896 1
0.121027 1
0.199855 1
0.341118 1
0.118045 1
0.150148 1
0.925313 1
0.536014 1
0.650722 1
0.182491 1
0.682260 1
0.192364 1
0.114981 1
0.161943 1
1.288112 2
0.048751 74
0.000317 7
0.002161 67
0.013125 31
0.000040 14
0.001248 2047
0.000116 1552
0.014999 100
0.000086 23
1.958724 104
1.384570 30
0.644556 39
0.586820 51
0.459667 62
0.179351 62
0.175796 62
0.176452 62
0.486666 37
0.390002 37
1.280295 37
0.812045 37
1.397782 29
0.500681 27
0.051844 27
0.051310 27
0.050817 27
0.050437 1
0.878681 88
1.107316 37
0.086585 37
108.667428 37
0.099051 37
0.268035 37
0.110260 39
0.091827 38
4.565637 38
0.665073 39
0.494014 38
0.267134 38
0.175838 38
0.223321 38
0.188718 38
0.263691 38
0.375756 39
0.056842 38
0.054623 38
0.221747 38
0.076869 39
0.863580 38
0.551924 88
89.493005 97
2.452860 37
0.165277 37
0.228358 37
1.670630 37
0.175386 37
0.353179 39
0.101114 38
0.106270 38
0.082027 38
1.855478 38
0.408873 38
0.164728 38
80.356870 38
0.399134 38
0.127605 38
0.849606 39
0.492973 38
0.166453 38
0.102274 38
0.390396 39
0.188582 39
0.171742 39
0.147137 40
0.091352 39
0.357046 38
0.337051 38
0.090783 38
0.741815 38
0.228699 38
0.095688 38
0.067028 38
2.286983 38
0.439632 88
0.833178 37
0.161099 37
0.269992 37
1.509892 37
0.203491 37
0.178365 37
0.187883 37
0.177905 37
0.190777 37
0.278642 245
0.277503 39
2.238714 39
0.499604 39
0.052327 39
0.052898 39
0.050376 39
0.051375 39
0.050766 39
0.050849 40
0.260765 39
0.190582 39
2.715895 55
3.918305 38
0.393316 39
0.298405 38
0.212683 38
0.097815 38
0.079376 38
0.236580 38
0.142590 38
0.060237 38
2.682024 39
0.500957 39
0.051734 39
0.050886 39
0.418871 39
0.166419 39
0.161484 39
0.188100 40
0.158023 39
0.997315 38
0.509072 39
0.066522 38
0.257793 38
0.289309 38
0.149933 38
0.083394 38
0.234030 38
0.096125 38
0.130714 38
0.212738 38
0.050710 39
0.270977 38
0.112312 38
0.185746 38
0.059878 38
0.079826 38
0.406006 38
0.655284 38
1.173995 38
0.257613 38
11.942115 39
0.260164 38
0.180291 38
0.203371 38
0.081157 38
0.129843 38
0.329010 38
0.063056 38
0.222233 38
0.268576 38
0.105920 39
0.116461 38
0.138679 38
0.216396 38
0.745800 38
0.212935 38
0.121441 38
0.073689 38
0.428700 38
0.154548 38
0.123355 39
0.122208 38
51.415985 38
0.861764 55
1.386428 38
0.157050 38
0.238993 38
0.607929 38
0.567104 38
0.133882 38
0.121827 39
0.270991 38
0.452645 39
0.086387 38
0.179890 38
0.104541 38
1.994021 38
0.247928 38
0.076939 38
0.158686 38
0.900243 38
0.193897 38
1.577865 39
0.523775 38
0.403664 55
1.338646 38
0.234793 38
0.443874 38
0.162792 38
0.067283 38
0.218956 38
0.688741 55
4.155092 39
0.233144 38
0.185998 38
0.593835 38
0.143738 38
0.356968 38
0.234156 38
0.322159 38
0.299973 38
0.618953 38
0.316934 41
0.416974 41
0.160209 39
0.089880 38
0.108483 41
0.111936 39
0.126279 39
0.267865 39
2.748130 31
0.263377 119
0.018383 70
0.016614 77
0.016495 66
0.032449 63
0.048125 63
0.087277 12
3.945032 122
0.387467 113
0.080539 216
0.032017 12
0.333788 12
0.234314 227
0.051060 61
0.475965 12
0.377362 80
0.320692 80
0.219203 80
2.127007 106
1.056349 32
0.500374 29
0.051151 29
0.050712 29
0.051580 29
0.786670 172
0.219424 172
0.195217 172
0.911214 30
0.700406 170
0.424425 169
0.176474 169
0.192694 169
0.191920 169
0.340359 169
0.563017 159
0.113856 159
0.088046 159
0.102552 159
0.808913 162
0.823065 167
2.366432 30
0.802285 53
0.228656 53
0.185721 53
0.185660 54
0.226163 53
2.058692 30
1.145065 37
0.418058 37
0.163389 37
0.092098 37
0.071132 37
0.079538 37
1.620546 39
0.122854 38
0.181859 38
0.359157 38
0.610138 38
0.444014 38
0.530963 38
0.089055 38
0.124195 38
0.131905 38
0.427751 39
0.810656 88
0.389293 37
0.149848 37
0.073778 37
0.069693 37
0.083887 37
0.227154 39
0.185029 38
0.159035 38
0.573227 39
1.222225 38
0.235949 38
0.366812 38
0.186272 38
1.121760 38
0.146227 38
0.102567 38
0.347579 38
0.355616 39
3.488633 88
6.026611 40
0.377822 113
0.013741 66
0.016895 202
0.017390 12
0.014723 12
0.018322 12
0.014548 12
0.016823 12
0.016658 12
0.018131 12
0.015143 12
0.018578 12
0.014988 12
0.017803 12
0.015645 12
0.287371 12
0.013186 140
0.017217 68
0.017424 65
0.017581 84
0.015704 153
0.015929 12
0.049476 180
0.270183 65
0.013597 64
0.017046 169
0.017811 12
0.014309 12
0.019401 200
0.014920 69
0.017593 66
0.015739 77
0.018499 61
0.296535 61
0.034245 61
0.033157 61
0.535587 61
0.358576 12
1.559462 195
1.666873 30
1.238223 63
1.228161 65
0.872819 63
0.215964 62
0.451872 64
0.233471 24
0.000442 41
0.410553 64
0.212719 65
0.197350 24
0.000599 40
1.394451 47
0.224261 23
0.000049 23
0.501315 23
0.000450 38
0.232993 61
0.187504 23
0.000344 38
0.358944 23
0.000621 39
0.295009 62
0.850602 63
1.044349 65
0.846585 23
0.000434 40
0.238189 62
1.986595 66
1.480901 65
1.979787 108
1.094478 29
0.273186 29
0.737496 88
1.903251 37
1.370293 75
0.733534 78
0.000755 36
1.307990 42
0.409860 42
0.499111 42
0.051522 42
0.051322 42
0.051708 42
0.054685 69
0.048130 58
0.051192 43
0.051532 42
0.052822 42
0.050995 42
0.050957 42
0.051268 42
0.051540 42
0.056692 42
0.045138 42
0.053354 42
0.049349 43
0.051581 42
0.050255 42
0.054082 42
0.051167 42
0.049666 42
0.052555 42
0.051483 42
0.051837 42
0.051508 42
0.051758 43
0.051905 42
0.052674 42
0.049856 42
0.052042 42
0.050620 42
0.051929 42
0.051969 69
0.049335 58
0.051752 42
0.050994 43
0.052523 42
0.051439 42
0.051305 42
0.050466 42
0.052040 42
0.050507 42
0.062796 42
0.039855 42
0.055766 42
0.051157 43
0.052008 42
0.051140 42
0.051933 42
0.051486 42
0.051302 42
0.051768 42
0.052529 42
0.051849 42
0.198596 42
0.176948 43
0.170477 40
0.318746 39
0.180802 39
0.162382 39
0.180861 39
0.166669 37
3.530130 29
0.313275 109
0.014001 61
0.017063 228
0.016386 12
0.015600 12
0.017577 12
0.016171 12
0.016678 12
0.034310 12
0.291540 153
0.013471 71
0.015556 71
0.019044 80
0.012396 140
0.024677 74
0.011942 12
0.343958 67
0.018401 88
0.064823 60
0.118953 60
0.114239 61
0.117247 60
0.199844 60
0.384085 61
0.535239 12
1.059592 201
1.920016 49
0.635024 63
1.386114 65
1.922937 104
0.922747 42
6.101025 39
0.821317 48
0.507862 46
0.734736 28
0.270966 28
2.936348 29
0.345379 109
0.016788 65
0.016171 226
0.017667 12
0.015802 12
0.015701 12
0.016104 12
0.033432 12
0.016764 12
0.299763 151
0.010777 74
0.026706 89
0.013554 68
0.016673 142
0.016611 12
0.330755 12
0.018875 12
0.019111 12
0.016401 103
0.015307 62
0.017812 78
0.015520 100
0.016271 12
0.015807 12
0.340774 12
0.026202 12
0.116766 12
0.249534 12
0.134525 74
0.215251 12
0.447187 12
1.149513 201
1.639690 135
1.476872 234
0.001821 16
0.002531 33
0.814132 32
0.102119 250
10.258746 20
0.787082 2
0.046429 81
0.001501 63
0.004988 992
2.254088 63
0.015939 101
0.002046 68
0.023799 280
0.000279 65
0.004414 100
0.000048 7
5.718500 2536
10.678585 31
0.322761 126
0.012877 63
0.017275 65
0.016047 68
0.016609 65
0.017554 82
0.016088 66
0.016816 67
0.017336 64
0.017571 63
0.015449 64
0.307618 63
0.011313 63
0.014472 65
0.016868 78
0.018874 66
0.016411 67
0.016203 67
0.014522 66
0.016879 65
0.017345 113
0.300550 12
0.015862 102
0.017860 64
0.017770 63
0.014977 66
0.017322 105
0.014724 12
0.016045 12
0.033112 12
0.033893 12
0.015757 12
0.017276 87
0.018017 63
0.015926 63
0.017058 65
0.394539 63
0.021469 63
0.051148 63
0.048338 63
0.050241 64
0.052456 63
0.048751 63
0.032345 63
0.017502 62
0.065043 61
0.100170 61
0.199810 61
0.035275 61
0.064797 61
0.467086 62
0.700325 12
2.613480 12
0.007129 12
1.495142 12
0.002903 12
1.184493 196
2.233940 30
1.260470 49
0.709206 63
2.196007 65
0.852129 62
0.153630 23
0.000385 39
0.181408 23
0.000037 24
0.159973 23
0.000031 23
0.629708 23
0.000429 40
0.232124 63
0.657206 63
0.257937 23
0.000106 24
0.399226 46
1.514570 130
4.081582 144
0.000318 19
0.000971 59
0.752235 28
0.820556 50
0.499267 65
0.051800 65
0.153989 66
0.500580 24
0.000477 41
0.052615 24
0.000219 68
0.050046 86
0.050833 65
3.128560 22
0.000149 86
2.045366 30
0.878709 29
0.307800 49
0.500984 49
0.051375 50
0.053493 76
0.050065 76
0.051799 49
0.051394 49
0.051289 49
0.051144 39
0.052661 49
0.051775 49
0.051407 49
0.053299 50
0.050458 49
0.051741 49
0.052337 49
0.053309 49
0.051410 49
0.050915 49
0.052080 49
0.052730 49
0.052088 49
0.053114 40
0.051564 49
0.051712 49
0.048955 39
0.053012 49
0.053516 49
0.048576 39
0.051859 49
0.051774 49
0.067218 49
0.037090 77
0.050354 76
0.052063 49
0.051216 49
0.050924 49
0.051718 39
0.050984 49
0.051505 49
0.051591 49
0.052979 49
0.050626 50
0.051934 49
0.050933 49
0.052817 49
0.051063 49
0.053327 49
0.051635 49
0.050195 49
0.052567 49
0.049458 49
0.052169 49
0.050630 37
0.052753 47
0.050610 47
0.050843 47
0.052785 47
0.049884 47
0.052154 47
0.052257 37
0.310956 342
1.059241 99
1.173224 36
0.600020 37
0.270388 37
0.297614 37
0.299507 218
1.705456 37
0.185545 37
0.262627 37
0.124091 37
0.067400 37
0.474599 37
0.242578 39
0.191977 38
0.548330 38
0.238474 56
3.298971 38
0.323448 38
0.162953 38
0.197687 38
0.141628 38
0.107992 38
0.097694 39
0.161504 38
0.141318 38
0.135269 38
0.095255 38
0.069284 38
0.264646 38
0.110345 38
0.161449 38
0.092571 38
0.070497 39
0.183977 38
0.173928 38
0.084171 38
0.111099 38
0.176113 38
0.164215 38
0.134813 38
0.191928 38
0.073003 38
0.147051 39
0.130831 38
0.052030 38
0.743068 39
0.457395 38
0.169700 38
0.196130 38
0.091650 38
0.051524 38
0.074980 38
0.098013 38
0.114439 38
0.163293 39
0.166102 38
0.195564 38
0.114332 38
0.089796 38
0.691808 39
0.501037 39
0.051728 39
0.053485 39
0.051017 40
0.052262 39
0.051324 39
3.658216 39
0.181077 39
0.162157 39
0.170890 39
0.149488 39
0.457823 38
0.238792 38
0.114504 38
0.189586 38
0.069868 38
0.203874 38
0.199663 38
0.214361 39
0.095720 38
0.092357 38
0.275435 38
0.079030 38
0.179946 38
0.129616 38
0.492044 38
0.252243 56
0.491213 38
0.281367 39
0.239690 38
0.610017 38
0.147321 38
0.083589 38
0.464497 38
0.218842 38
0.099239 38
0.649810 38
0.707096 38
0.225992 39
0.098893 38
0.181539 38
0.166549 38
2.975560 38
0.322029 38
0.175588 38
0.728198 38
0.452914 56
0.414075 38
0.836859 39
0.114987 38
0.058431 38
0.079175 38
0.228243 38
0.580709 56
0.905871 38
0.201705 38
0.178518 38
0.337442 38
0.132957 39
0.112925 38
0.121525 38
0.140841 38
0.296847 38
0.701331 88
0.956341 37
0.233291 37
0.108896 37
0.080182 37
3.648874 37
0.172101 39
0.166619 38
4.452324 38
0.777818 38
0.505587 39
0.405540 56
0.775145 38
0.249044 38
0.099379 38
0.143752 38
0.113238 38
0.142471 38
0.079693 39
0.176687 38
0.137516 38
0.087580 38
0.105098 38
0.091979 38
0.273257 38
0.072597 38
0.170008 38
0.057570 38
0.082926 39
0.154735 38
0.320004 38
0.095216 38
0.133672 38
0.204991 38
0.160254 38
0.145961 38
0.259906 38
0.084373 38
0.152569 39
0.162204 38
0.132985 38
53.464795 38
0.238964 38
0.113162 38
0.069722 38
0.413378 38
0.195262 38
0.201621 38
0.220486 39
0.098826 38
0.124768 38
0.257372 38
0.109055 38
0.141208 38
0.140016 38
0.324932 38
0.426648 56
0.347491 38
0.341724 39
0.196902 38
0.792247 38
0.175906 38
0.114984 38
0.140755 38
0.233611 38
0.123119 38
0.133162 38
0.919315 38
0.251551 39
0.225906 38
0.075972 38
0.070555 38
0.691039 38
0.201433 38
0.185781 38
0.213548 38
0.280696 56
0.617444 38
0.230043 39
0.232183 38
0.365635 39
0.325196 38
0.107087 38
0.083099 38
0.212332 38
0.594871 56
0.299910 38
0.275372 38
0.172090 38
0.266864 38
0.131248 39
0.105458 38
0.089338 38
0.180495 38
0.803823 38
6.584434 88
1.299306 37
0.096077 37
0.102743 37
0.101665 37
0.545586 37
0.392683 57
0.490142 56
0.369525 39
0.137410 38
0.221745 38
0.248020 56
1.312844 38
0.320358 38
0.148024 38
0.175990 38
0.135891 38
0.102290 38
0.114932 39
0.153863 38
0.093092 38
0.120478 38
0.096637 38
0.083573 38
0.228478 38
0.169810 38
0.164859 38
0.080048 38
0.076872 39
0.171058 38
0.169706 38
0.121259 38
0.077670 38
0.146720 38
0.186092 38
0.111711 38
0.202754 38
0.093146 38
0.104336 39
0.135026 38
0.054471 38
0.156355 38
0.203316 38
0.041951 38
0.060220 38
0.159485 38
0.149042 38
0.181166 38
0.188602 39
0.092528 38
0.102472 38
0.290513 38
0.429180 39
0.501448 39
0.052312 39
0.051775 40
0.052121 39
0.052282 39
0.050981 39
0.243218 39
0.166199 39
0.163056 39
0.422010 39
1.930831 38
0.209567 38
0.067905 38
0.075458 38
0.160379 38
0.168831 38
0.176018 38
0.055770 39
0.083536 38
0.172684 38
0.263869 38
0.187961 38
0.204273 38
0.134297 38
0.105535 38
0.366258 38
0.260845 38
0.150787 39
0.109031 38
1.897205 39
0.502046 40
0.049401 39
0.049103 39
0.053693 39
0.050648 39
0.049542 39
0.051709 39
0.053081 39
0.051847 39
0.049221 39
0.050952 40
0.052382 39
0.056306 39
0.046109 39
0.051232 39
0.199402 39
0.157367 39
0.170295 39
0.153809 39
0.434687 38
0.264080 38
0.112454 38
0.124177 38
0.379559 38
0.235126 38
0.109962 38
0.125171 38
0.232080 39
0.236494 38
0.063429 38
0.176885 38
0.452686 38
0.328104 38
0.293656 38
0.430163 38
28.166033 38
0.402582 39
0.345650 38
0.284861 56
0.239120 39
0.301118 38
0.187735 38
1.975143 39
0.192189 39
0.198753 40
0.158188 65
1.668487 56
5.131454 39
0.260228 38
0.188748 38
0.647937 38
0.178701 38
0.134560 38
0.159989 38
0.248124 38
0.108395 38
0.137195 38
0.345084 39
0.148073 38
0.106735 38
0.142109 38
0.062173 38
0.179693 38
0.267942 38
0.166194 38
0.147796 38
0.197724 38
0.284398 57
0.466613 38
0.211898 38
0.097535 38
0.076766 38
0.228627 38
0.230649 56
0.239344 38
0.237744 38
0.146807 38
0.277388 39
0.105440 38
0.099214 38
0.124134 38
0.076994 38
0.347109 38
0.619021 93
3.054265 40
0.101794 60
0.604704 55
1.059395 13
0.098482 13
0.186794 41
0.014030 24
0.001058 43
0.101590 155
2.307005 20
0.463030 2
0.037480 81
0.002460 1102
23.218443 121
0.000317 114
3.831659 1
0.473919 1
0.896160 4
0.214282 1
0.428666 1
0.274816 1
0.342142 1
0.268778 1
0.112500 1
0.213618 1
0.104564 1
0.169416 1
0.188665 1
1.367991 1
0.429188 1
1.112644 1
0.438683 1
0.737746 4
0.578784 1
0.353146 1
0.271768 1
0.044658 1
0.179018 1
1.278721 1
0.703894 1
0.254305 1
0.111510 1
0.265943 2
0.005156 69
0.001102 114
1.501586 23
1.350919 47
0.558362 2
0.044618 81
0.005102 1102
5.103291 61
0.021611 120
0.003425 107
4.163043 2786
0.100776 58
2.988299 23
0.100600 58
1.301674 55
0.789967 13
0.111846 13
0.097408 41
0.019150 61
0.100539 41
0.001565 114
1.063288 20
2.080156 43
0.965508 1
0.499591 1
0.051573 1
0.051354 1
0.051413 1
0.051771 1
0.051424 1
0.050277 1
0.050902 1
0.050491 1
0.051270 1
0.051932 1
0.051053 1
0.052059 1
0.051428 1
0.052000 1
0.052206 1
0.050525 1
0.211598 1
0.392726 1
1.088271 41
0.783080 2
0.005879 114
2.149147 24
0.300734 48
0.571418 2
0.034674 81
0.001554 56
0.000116 10
0.011762 45
0.003280 2047
0.000051 570
0.009494 123
1.758006 23
0.100732 58
1.291856 23
0.000576 40
0.273616 45
0.475378 61
0.124840 28
1.862718 23
0.101158 58
1.076558 22
0.000050 26
0.000126 6
0.800374 13
0.104993 13
0.139155 41
0.014683 18
0.001516 29
0.000032 14
0.102002 155
385.429279 1
0.881597 4
0.686553 20
0.247066 44
0.512160 48
0.515608 43
0.286985 47
0.319998 16
1.502835 12
0.734345 25
0.374449 22
0.683823 2
0.039348 81
0.001796 56
0.000139 10
0.012569 45
0.004182 1079
0.007896 100
0.000038 23
18.718905 23
0.100792 58
0.476276 54
0.474162 13
0.109258 13
0.136919 1
0.000241 22
0.000287 18
0.029550 18
0.004864 43
0.097341 41
0.001582 114
1.797082 20
0.209980 16
0.506845 44
0.400609 48
0.391750 43
0.458653 47
1.052035 16
1.256172 2
0.036045 81
0.001401 56
0.000146 10
0.011439 31
0.000039 14
0.002747 2450
0.009553 123
22.946256 24
0.101445 61
1.309411 23
0.000076 32
0.276615 13
0.190281 1
0.001057 64
0.101571 55
0.001605 114
1.356611 20
0.520436 12
1.043543 16
1.216428 2
0.043819 81
0.003793 66
0.009132 45
0.003694 2047
0.000049 570
0.010709 123
67.405056 23
0.100446 58
0.777479 54
0.731943 13
0.166335 1
0.000929 64
0.102024 169
6.187972 1
2.075740 1
0.955796 78
5.405923 1
0.126732 1
0.854165 1
0.421825 1
0.229791 1
0.120704 1
0.122016 1
1.299072 1
0.144094 1
0.191348 1
0.143842 1
0.516476 4
0.199210 4
0.147115 4
0.182457 4
1.400486 1
0.085893 1
0.305595 1
0.101692 1
0.724100 96
1.649287 1
0.082813 1
0.143477 2
0.007687 154
0.000192 94
3.589198 1
0.099325 1
0.533622 1
0.271423 1
0.328123 1
0.095939 1
0.111211 1
0.532595 1
0.069805 1
0.131310 1
0.294197 1
0.587994 4
0.283201 1
0.257797 1
0.108364 1
0.124983 1
0.111905 1
0.236812 1
0.117297 1
0.176827 1
0.096073 1
0.379350 1
0.583863 4
0.297134 151
1.903168 19
5.654031 4
2.157707 1
0.881263 4
0.501910 4
0.051832 4
0.050829 4
0.051061 4
0.052980 4
0.050798 4
0.051432 4
0.050973 4
0.051792 4
0.051673 4
0.051142 4
0.051586 4
0.052012 4
0.051618 4
0.050015 4
0.050848 4
0.051942 4
0.051705 4
0.051580 1
0.052723 1
0.051547 1
0.392562 2
0.216551 13
0.142071 12
0.179976 22
0.157066 16
0.174942 12
0.163242 16
0.172759 44
0.176603 48
0.172289 43
0.178222 47
0.180401 16
0.182959 12
0.178168 25
0.184923 22
0.154102 48
0.185555 40
0.207089 27
0.210544 23
0.271268 13
0.719593 12
0.300306 26
0.663671 29
0.262498 9
0.276466 16
0.221461 20
0.224747 31
0.345320 37
1.189289 53
0.788972 25
0.468365 22
0.709567 12
0.359505 16
0.225529 43
1.185921 4
0.500268 4
0.051418 4
0.051421 4
0.052373 4
0.050928 4
0.051213 4
0.050494 4
0.051126 4
0.050567 4
0.051859 4
0.051826 4
0.051509 4
0.051478 4
0.051273 4
0.052011 4
0.052166 4
0.052393 4
0.051350 4
0.052274 4
0.051512 4
0.051791 4
0.051434 4
0.051366 1
0.051776 1
0.049982 1
0.051440 1
0.051433 1
3.818587 1
0.138098 1
0.789959 1
0.938535 1
0.355386 1
1.500707 1
0.380761 1
0.125091 1
0.169498 1
0.127653 1
0.146763 1
0.529621 1
0.593109 10
1.585831 132
1.755903 1
0.558276 4
0.945261 1
0.083340 1
0.066711 1
0.211992 1
0.163949 1
0.101892 1
0.108869 1
0.1505