0.019885 124
2.722733 1
0.143397 1
0.152825 1
1.098006 4
0.205893 4
0.172371 4
2.329239 1
0.120299 1
0.363651 1
1.318363 1
0.189068 1
0.115813 1
0.113984 1
0.885258 1
0.110113 1
0.203862 1
0.087476 1
0.640386 2
0.000158 47
0.000147 124
2.978453 1
0.145690 1
0.310511 2
0.000226 86
0.698454 1
0.580863 1
0.239752 1
0.121573 1
0.096876 1
0.087728 1
0.122202 1
0.739014 1
0.526574 4
0.947394 4
0.186191 4
0.164391 4
0.166484 4
0.432015 1
0.154174 1
0.288054 1
0.173636 1
0.933726 1
0.078497 1
0.230553 1
0.061464 1
4.978723 2
0.000227 104
2.258782 1
0.099249 1
0.096018 1
0.146627 1
0.079202 1
0.521702 4
0.151872 4
0.154558 4
0.148853 4
0.148915 4
0.203934 1
0.148090 1
0.079549 1
0.177432 1
0.066638 1
0.120355 1
0.124836 1
0.153868 1
0.162436 1
0.074330 1
0.177564 2
0.032939 16
0.000864 219
0.000131 679
0.000467 104
3.626738 1
0.170346 1
0.070616 1
0.239439 1
0.098030 1
0.234602 1
0.158117 1
0.211346 1
0.079091 1
1.186222 2
0.005491 104
1.785218 1
0.161685 1
0.482011 4
0.534568 1
0.073998 1
0.186531 1
0.098586 1
0.129855 1
0.183062 1
0.181632 1
0.212174 1
0.039480 1
0.407705 2
0.009321 16
0.000197 702
0.000323 104
6.491534 1
0.104145 1
0.112612 1
0.179669 1
0.108679 1
0.091600 1
0.167662 1
0.158654 1
0.115904 1
0.060066 1
1.418695 1
0.104601 1
0.257406 1
0.403176 1
0.251587 1
0.309590 1
0.273208 1
0.170824 1
0.129736 1
0.210029 1
0.115930 1
0.158792 1
0.172142 1
0.919844 1
0.183880 1
1.415791 1
5.946223 4
18.009698 1
2.442494 1
4.480944 1
0.294454 1
0.356306 4
0.177958 4
0.204296 4
0.844294 1
0.279937 1
0.293833 1
0.118964 1
0.096880 1
0.189100 1
0.103652 1
0.189971 1
0.201602 1
0.070469 1
0.312751 1
0.436273 1
0.904098 4
0.440961 1
0.414701 1
0.574345 4
0.500016 1
3.055216 1
2.175622 2
0.028791 41
0.000368 255
0.000024 47
0.000053 143
0.000041 166
0.000436 104
3.307608 1
0.160896 1
0.120204 1
0.660004 1
0.349913 1
0.962119 1
0.189010 1
0.093618 1
0.305884 1
0.199668 1
0.166056 1
0.114817 1
0.522769 1
0.118204 1
0.133052 1
0.258761 1
0.197714 1
0.094963 1
0.088029 1
0.078196 1
0.753212 2
0.214231 106
0.139462 60
10.996674 2
0.322578 32
0.000201 90
0.000178 30
0.000266 60
0.000264 90
0.000227 68
0.000031 2
0.000118 42
0.000359 64
0.000329 64
0.000287 32
0.000189 32
0.000348 40
0.000535 28
0.000239 28
0.000356 28
0.000716 28
0.000405 28
0.000277 28
0.000365 28
0.000755 100
0.071528 40
0.044685 113
0.301231 75
0.002965 104
20.876201 1
0.304786 1
3.625304 1
0.124069 1
0.357621 2
0.000149 6
